9.670091243111220081e+01   2.493358948034965010e+02   2.156675280261226533e+02
9.672171324694264172e+01   2.492793649446547306e+02   3.299123144867025985e+02
9.656783251283815162e+01   2.492777366542865991e+02   2.024798582618802811e+02
9.680703614470729690e+01   2.491957242856481116e+02   4.209346638912890626e+02
9.707783472383835033e+01   2.490164953303270181e+02   4.362420506127945146e+02
9.683905049854234903e+01   2.491574162934898595e+02   4.780298010591925504e+02
9.685095903206180878e+01   2.491706904831171130e+02   4.937962269035733698e+02
9.688591143959428109e+01   2.491408800713648191e+02   4.934765264213113483e+02
9.718526861756973290e+01   2.491008158934822632e+02   2.132948444305776547e+02
9.695909742538745490e+01   2.490920813809303809e+02   3.501913891509193490e+02
9.689976165358197591e+01   2.492429942035077488e+02   1.504404193417480542e+02
9.699109540115829020e+01   2.491544656257479176e+02   3.688650683608670420e+02
9.709857280485981335e+01   2.491862155474396445e+02   4.475474977369727299e+02
9.708582973298689467e+01   2.491980344970840520e+02   4.842535918795824159e+02
9.709431106249226673e+01   2.491500817540546677e+02   5.157194135639031174e+02
9.696505445441312077e+01   2.492450863865068982e+02   2.034670019844975002e+02
9.722300826359477810e+01   2.491497487886469173e+02   2.036938843729979567e+02
9.704150576612269674e+01   2.492644948679914023e+02   2.103345223909280435e+02
9.705783420878165657e+01   2.493064625897361850e+02   1.530230073743496177e+02
9.700521144361985648e+01   2.493048493880613705e+02   1.564671935065887851e+02
9.730467980220149116e+01   2.491232954825701427e+02   4.107691825065466560e+02
9.695708735808241840e+01   2.491415697670171028e+02   1.043937312845688155e+02
9.719781128482327404e+01   2.490961359821427550e+02   5.085258859118004438e+01
9.722970132706784341e+01   2.491948620363759233e+02   5.064077090485965016e+01
9.741046242475492534e+01   2.492342276592672761e+02   4.992165475301177935e+01
9.722020847497131513e+01   2.493013052371090907e+02   5.205587009299911472e+01
9.741445245153543908e+01   2.492165589477652645e+02   1.015947272909696295e+02
9.730540448860662650e+01   2.492400663836828016e+02   1.042918306834870918e+02
9.729038344464869681e+01   2.491832652596170306e+02   3.213823359644483162e+02
9.716443799504531853e+01   2.492779999683310166e+02   2.091469808775954675e+02
9.748795705445998294e+01   2.491097899401696623e+02   2.039294887219164707e+02
9.734699163549875323e+01   2.491456757076786346e+02   2.041810437184475973e+02
9.719942382609761466e+01   2.492448376931605480e+02   5.192797152388194490e+02
9.714571236592126979e+01   2.490410518802936792e+02   2.041151113037406333e+02
9.739404139014027351e+01   2.490353034220512427e+02   5.297554527017657620e+02
9.756705094418533974e+01   2.489648061697812977e+02   2.098688944933942935e+02
9.717217422034900665e+01   2.489458666291429267e+02   2.045271673509381003e+02
9.724232352257374146e+01   2.490257944289528496e+02   1.575535616749284031e+02
9.732642679717514511e+01   2.489704773543724343e+02   3.726982165192548564e+02
