9.738975773448098039e+01   2.494982375039767817e+02   1.066094342393964212e+02
9.727003423784324809e+01   2.495793342360022393e+02   3.119948327727969399e+02
9.745646808858559496e+01   2.495484308562872684e+02   3.945196105622311507e+02
9.720990335762729728e+01   2.496470953686588246e+02   2.019328134783706048e+02
9.737940313278403437e+01   2.493622544359961921e+02   3.741907989609172773e+02
9.751052469512272580e+01   2.494134860365235227e+02   4.344673787017329687e+02
9.774269055642250237e+01   2.494556259972338808e+02   4.851188627793708292e+02
9.752953986517158569e+01   2.494830141804262098e+02   4.956352904528210956e+02
9.758947703248911409e+01   2.494601157766306017e+02   4.250152336473438481e+02
9.755516934630406922e+01   2.494953161605624246e+02   3.413253434707501128e+02
9.762867374793304975e+01   2.494849868195804561e+02   3.144198851968699842e+02
9.760692250223993938e+01   2.494646401717847937e+02   3.697401202372039393e+02
9.762119998940815435e+01   2.494556276476616858e+02   4.353468238725143920e+02
9.766862234588175795e+01   2.493767304497755219e+02   1.908131249869624355e+02
9.789542270504972521e+01   2.494196545916475429e+02   1.934971356663174333e+02
9.745393886594297328e+01   2.494723232300125915e+02   2.083909910990209937e+02
9.771626462677809855e+01   2.494896823755930200e+02   5.031952594492059916e+02
9.769363013709215693e+01   2.494649110100608880e+02   4.958965540670842529e+02
9.780148383219005837e+01   2.494540145631282257e+02   5.022659271083389285e+02
9.775025346645563218e+01   2.494368179390499449e+02   5.008770183195894106e+02
9.778171856296094688e+01   2.494426481698874341e+02   3.995946192919625446e+02
9.774797402671002544e+01   2.494969182283184921e+02   1.218989127332447993e+02
9.794618611753980986e+01   2.495573066323852629e+02   5.710494019591175174e+01
9.818471855381255864e+01   2.494171177181963799e+02   2.631367924503739175e+01
9.762661515625282505e+01   2.494302473520458534e+02   4.747107598464752698e+01
9.764792937173103837e+01   2.494511751580345162e+02   1.009573513581610769e+02
9.775169740355215708e+01   2.494082275225005105e+02   1.698865793648384681e+02
9.775649309280274224e+01   2.493856763052544636e+02   2.416892574433951211e+02
9.785520242740840047e+01   2.493775967355803971e+02   2.986672531957470937e+02
9.794210080819937048e+01   2.494062735481345499e+02   1.683645023447970175e+02
9.786703361388663325e+01   2.493522178530216138e+02   4.316701751463193659e+02
9.785517305335551441e+01   2.493540602637114603e+02   4.810743658417615052e+02
9.785123454697000511e+01   2.492983003662457406e+02   5.122756129171746124e+02
9.779361686237922413e+01   2.492914257895585592e+02   5.071246957706781018e+02
9.785653913197320719e+01   2.492675479718097051e+02   5.093122317066931828e+02
9.788949917558301195e+01   2.492495575498170126e+02   4.864416187573322645e+02
9.781400631269852397e+01   2.492152600043573898e+02   2.284234871543496297e+02
9.792219483537306246e+01   2.492215216720383637e+02   4.450465137581591080e+02
9.787271210520992781e+01   2.492201537706339707e+02   3.629876020737267481e+02
